X_SbBe70V	Y_SbBe70V	ErrorX_SbBe70V	ErrorY_SbBe70V	X_Sb70V	Y_Sb70V	ErrorX_Sb70V	ErrorY_Sb70V	X_YBe70V	Y_YBe70V	ErrorX_YBe70V	ErrorY_YBe70V	X_Y70V	Y_Y70V	ErrorX_Y70V	ErrorY_Y70V	X_YBe25V	Y_YBe25V	ErrorX_YBe25V	ErrorY_YBe25V	X_Y25V	Y_Y25V	ErrorX_Y25V	ErrorY_Y25V
0.75	0.903197	0	0.00153676	0.75	0.929806	0	0.002418	1.5	0.894933	0	0.00536556	1.5	0.892803	0	0.00941477	0.75	0.919898	0	0.00731003	1.75	0.922944	0	0.00919322
4.75	0.903147	0	0.0015369	4.75	0.9298	0	0.00241813	2.5	0.894966	0	0.0053649	2.5	0.892816	0	0.00941481	1.75	0.919895	0	0.0073116	2.75	0.92297	0	0.00918854
8.75	0.903048	0	0.00153719	8.75	0.929788	0	0.00241838	3.5	0.895031	0	0.0053636	3.5	0.892843	0	0.00941491	2.75	0.919888	0	0.0073147	3.75	0.923009	0	0.00917911
12.75	0.902902	0	0.00153762	12.75	0.929771	0	0.00241874	4.5	0.895128	0	0.00536166	4.5	0.892882	0	0.00941506	3.75	0.919877	0	0.00731933	4.75	0.92306	0	0.00916504
16.75	0.902708	0	0.00153818	16.75	0.929748	0	0.00241921	5.5	0.895255	0	0.00535911	5.5	0.892932	0	0.00941526	4.75	0.919864	0	0.0073254	5.75	0.923122	0	0.00914669
20.75	0.90247	0	0.00153887	20.75	0.929721	0	0.00241979	6.5	0.895411	0	0.005356	6.5	0.892993	0	0.00941552	5.75	0.919847	0	0.00733294	6.75	0.923194	0	0.00912421
24.75	0.90219	0	0.00153967	24.75	0.929689	0	0.00242044	7.5	0.895595	0	0.00535237	7.5	0.893062	0	0.00941587	6.75	0.919827	0	0.00734186	7.75	0.923274	0	0.00909785
28.75	0.901869	0	0.00154058	28.75	0.929654	0	0.00242117	8.5	0.895803	0	0.00534826	8.5	0.89314	0	0.0094163	7.75	0.919805	0	0.00735208	8.75	0.92336	0	0.00906792
32.75	0.901513	0	0.00154159	32.75	0.929617	0	0.00242194	9.5	0.896034	0	0.00534373	9.5	0.893224	0	0.00941682	8.75	0.919782	0	0.00736355	9.75	0.923453	0	0.00903492
36.75	0.901122	0	0.00154267	36.75	0.929577	0	0.00242274	10.5	0.896285	0	0.00533883	10.5	0.893312	0	0.00941744	9.75	0.919756	0	0.00737622	10.75	0.923549	0	0.00899916
40.75	0.900703	0	0.00154382	40.75	0.929537	0	0.00242355	11.5	0.896553	0	0.00533362	11.5	0.893402	0	0.00941818	10.75	0.919729	0	0.00738997	11.75	0.923647	0	0.00896104
44.75	0.900257	0	0.00154502	44.75	0.929498	0	0.00242434	12.5	0.896837	0	0.00532818	12.5	0.893494	0	0.00941905	11.75	0.919701	0	0.00740472	12.75	0.923745	0	0.00892096
48.75	0.899791	0	0.00154625	48.75	0.92946	0	0.00242509	13.5	0.897132	0	0.00532256	13.5	0.893584	0	0.00942004	12.75	0.919673	0	0.00742035	13.75	0.923843	0	0.0088794
52.75	0.899306	0	0.0015475	52.75	0.929426	0	0.00242578	14.5	0.897436	0	0.00531682	14.5	0.893673	0	0.00942117	13.75	0.919645	0	0.00743678	14.75	0.923937	0	0.00883672
56.75	0.89881	0	0.00154874	56.75	0.929398	0	0.00242637	15.5	0.897747	0	0.00531103	15.5	0.893758	0	0.00942242	14.75	0.919617	0	0.00745393	15.75	0.924028	0	0.00879344
60.75	0.898304	0	0.00154996	60.75	0.929377	0	0.00242684	16.5	0.898061	0	0.00530524	16.5	0.893839	0	0.00942379	15.75	0.919591	0	0.00747166	16.75	0.924113	0	0.00874994
64.75	0.897795	0	0.00155114	64.75	0.929365	0	0.00242716	17.5	0.898376	0	0.00529949	17.5	0.893914	0	0.0094253	16.75	0.919566	0	0.00748986	17.75	0.924191	0	0.00870653
68.75	0.897287	0	0.00155225	68.75	0.929365	0	0.00242731	18.5	0.89869	0	0.00529384	18.5	0.893983	0	0.00942691	17.75	0.919543	0	0.00750844	18.75	0.924262	0	0.00866366
72.75	0.896784	0	0.00155328	72.75	0.929378	0	0.00242724	19.5	0.899	0	0.00528833	19.5	0.894044	0	0.00942865	18.75	0.919523	0	0.00752725	19.75	0.924325	0	0.00862151
76.75	0.89629	0	0.0015542	76.75	0.929406	0	0.00242695	20.5	0.899305	0	0.00528298	20.5	0.894099	0	0.00943051	19.75	0.919506	0	0.0075462	20.75	0.924379	0	0.00858037
80.75	0.895809	0	0.00155501	80.75	0.929453	0	0.00242639	21.5	0.899603	0	0.00527783	21.5	0.894147	0	0.00943243	20.75	0.919493	0	0.00756518	21.75	0.924425	0	0.0085405
84.75	0.895346	0	0.00155567	84.75	0.929519	0	0.00242556	22.5	0.899893	0	0.00527289	22.5	0.894188	0	0.00943442	21.75	0.919484	0	0.00758406	22.75	0.924461	0	0.0085021
88.75	0.894905	0	0.00155617	88.75	0.929608	0	0.00242441	23.5	0.900174	0	0.00526818	23.5	0.894223	0	0.0094365	22.75	0.919481	0	0.00760274	23.75	0.924489	0	0.00846529
92.75	0.894488	0	0.00155648	92.75	0.929721	0	0.00242293	24.5	0.900444	0	0.0052637	24.5	0.894252	0	0.0094386	23.75	0.919482	0	0.0076211	24.75	0.92451	0	0.00843006
96.75	0.8941	0	0.0015566	96.75	0.92986	0	0.00242109	25.5	0.900703	0	0.00525945	25.5	0.894277	0	0.00944071	24.75	0.919489	0	0.00763899	25.75	0.924522	0	0.00839659
100.75	0.893744	0	0.0015565	100.75	0.930028	0	0.00241889	26.5	0.900951	0	0.00525542	26.5	0.894298	0	0.00944283	25.75	0.919502	0	0.00765629	26.75	0.924528	0	0.00836485
104.75	0.893423	0	0.00155617	104.75	0.930226	0	0.00241628	27.5	0.901188	0	0.0052516	27.5	0.894317	0	0.00944493	26.75	0.919523	0	0.00767292	27.75	0.924529	0	0.00833485
108.75	0.89314	0	0.00155559	108.75	0.930455	0	0.00241326	28.5	0.901415	0	0.00524796	28.5	0.894335	0	0.009447	27.75	0.91955	0	0.00768874	28.75	0.924526	0	0.0083065
112.75	0.892896	0	0.00155475	112.75	0.930717	0	0.00240981	29.5	0.901632	0	0.0052445	29.5	0.894354	0	0.00944901	28.75	0.919586	0	0.00770367	29.75	0.924521	0	0.00827976
116.75	0.892695	0	0.00155362	116.75	0.931014	0	0.00240592	30.5	0.901839	0	0.00524119	30.5	0.894375	0	0.00945094	29.75	0.919629	0	0.0077176	30.75	0.924514	0	0.00825458
120.75	0.892538	0	0.00155221	120.75	0.931344	0	0.00240158	31.5	0.902037	0	0.00523799	31.5	0.894398	0	0.00945278	30.75	0.91968	0	0.00773046	31.75	0.924509	0	0.0082307
124.75	0.892426	0	0.0015505	124.75	0.93171	0	0.00239676	32.5	0.902228	0	0.00523489	32.5	0.894426	0	0.00945451	31.75	0.919741	0	0.00774214	32.75	0.924505	0	0.00820809
128.75	0.892362	0	0.00154848	128.75	0.932112	0	0.00239147	33.5	0.902412	0	0.00523185	33.5	0.894459	0	0.00945614	32.75	0.91981	0	0.00775256	33.75	0.924505	0	0.00818668
132.75	0.892345	0	0.00154614	132.75	0.932549	0	0.00238569	34.5	0.90259	0	0.00522884	34.5	0.8945	0	0.00945762	33.75	0.919888	0	0.00776171	34.75	0.924511	0	0.00816627
136.75	0.892378	0	0.00154348	136.75	0.933022	0	0.00237944	35.5	0.902764	0	0.00522583	35.5	0.894549	0	0.00945895	34.75	0.919975	0	0.00776951	35.75	0.924523	0	0.00814683
140.75	0.89246	0	0.00154048	140.75	0.933529	0	0.00237268	36.5	0.902935	0	0.00522281	36.5	0.894607	0	0.0094601	35.75	0.92007	0	0.00777595	36.75	0.924544	0	0.00812812
144.75	0.892591	0	0.00153716	144.75	0.934071	0	0.00236543	37.5	0.903103	0	0.00521975	37.5	0.894676	0	0.0094611	36.75	0.920175	0	0.00778103	37.75	0.924575	0	0.0081102
148.75	0.892772	0	0.0015335	148.75	0.934646	0	0.00235767	38.5	0.90327	0	0.00521662	38.5	0.894755	0	0.00946189	37.75	0.920287	0	0.00778481	38.75	0.924617	0	0.00809289
152.75	0.893001	0	0.00152951	152.75	0.935254	0	0.00234943	39.5	0.903437	0	0.0052134	39.5	0.894846	0	0.0094625	38.75	0.920408	0	0.00778728	39.75	0.92467	0	0.00807623
156.75	0.893279	0	0.00152518	156.75	0.935893	0	0.00234069	40.5	0.903604	0	0.0052101	40.5	0.894948	0	0.00946289	39.75	0.920536	0	0.00778852	40.75	0.924735	0	0.00806015
160.75	0.893605	0	0.00152053	160.75	0.936561	0	0.00233146	41.5	0.903773	0	0.00520669	41.5	0.895064	0	0.00946304	40.75	0.920671	0	0.00778859	41.75	0.924813	0	0.00804468
164.75	0.893977	0	0.00151555	164.75	0.937257	0	0.00232174	42.5	0.903943	0	0.00520317	42.5	0.895193	0	0.00946294	41.75	0.920813	0	0.00778765	42.75	0.924904	0	0.0080299
168.75	0.894394	0	0.00151026	168.75	0.937978	0	0.00231154	43.5	0.904116	0	0.00519955	43.5	0.895335	0	0.00946257	42.75	0.920959	0	0.00778571	43.75	0.925009	0	0.0080158
172.75	0.894854	0	0.00150466	172.75	0.938725	0	0.00230088	44.5	0.904291	0	0.00519581	44.5	0.895491	0	0.00946194	43.75	0.92111	0	0.00778302	44.75	0.925126	0	0.00800246
176.75	0.895357	0	0.00149876	176.75	0.939493	0	0.00228975	45.5	0.904468	0	0.00519197	45.5	0.89566	0	0.009461	44.75	0.921265	0	0.00777966	45.75	0.925255	0	0.00798998
180.75	0.895898	0	0.00149258	180.75	0.940282	0	0.00227818	46.5	0.904648	0	0.00518804	46.5	0.895841	0	0.00945975	45.75	0.921423	0	0.00777589	46.75	0.925396	0	0.0079786
184.75	0.896477	0	0.00148613	184.75	0.941089	0	0.00226617	47.5	0.904831	0	0.00518405	47.5	0.896036	0	0.00945816	46.75	0.921583	0	0.0077718	47.75	0.925548	0	0.00796823
188.75	0.897091	0	0.00147942	188.75	0.941912	0	0.00225375	48.5	0.905015	0	0.00517998	48.5	0.896244	0	0.0094562	47.75	0.921743	0	0.00776759	48.75	0.925709	0	0.00795919
192.75	0.897738	0	0.00147247	192.75	0.94275	0	0.00224093	49.5	0.905201	0	0.00517588	49.5	0.896464	0	0.00945386	48.75	0.921904	0	0.00776341	49.75	0.925878	0	0.00795153
196.75	0.898415	0	0.0014653	196.75	0.943599	0	0.00222774	50.5	0.905387	0	0.00517177	50.5	0.896695	0	0.00945112	49.75	0.922063	0	0.00775949	50.75	0.926054	0	0.00794545
200.75	0.89912	0	0.00145793	200.75	0.944458	0	0.00221418	51.5	0.905574	0	0.00516766	51.5	0.896939	0	0.00944796	50.75	0.92222	0	0.00775599	51.75	0.926234	0	0.00794105
204.75	0.89985	0	0.00145038	204.75	0.945325	0	0.0022003	52.5	0.90576	0	0.00516357	52.5	0.897192	0	0.00944436	51.75	0.922375	0	0.0077531	52.75	0.926418	0	0.00793847
208.75	0.900602	0	0.00144267	208.75	0.946197	0	0.00218612	53.5	0.905945	0	0.00515953	53.5	0.897456	0	0.00944028	52.75	0.922525	0	0.00775092	53.75	0.926604	0	0.00793773
212.75	0.901373	0	0.00143483	212.75	0.947074	0	0.00217166	54.5	0.906128	0	0.00515558	54.5	0.89773	0	0.00943573	53.75	0.922671	0	0.00774964	54.75	0.92679	0	0.0079389
216.75	0.902161	0	0.00142688	216.75	0.947952	0	0.00215697	55.5	0.906307	0	0.00515172	55.5	0.898012	0	0.00943066	54.75	0.922811	0	0.0077494	55.75	0.926973	0	0.00794198
220.75	0.902963	0	0.00141885	220.75	0.94883	0	0.00214208	56.5	0.906482	0	0.00514798	56.5	0.898302	0	0.00942506	55.75	0.922945	0	0.00775022	56.75	0.927153	0	0.00794713
224.75	0.903777	0	0.00141076	224.75	0.949706	0	0.00212701	57.5	0.906652	0	0.0051444	57.5	0.898599	0	0.00941894	56.75	0.923073	0	0.00775223	57.75	0.927328	0	0.0079542
228.75	0.904599	0	0.00140264	228.75	0.950578	0	0.00211182	58.5	0.906816	0	0.00514098	58.5	0.898902	0	0.00941227	57.75	0.923193	0	0.00775549	58.75	0.927497	0	0.00796309
232.75	0.905427	0	0.00139452	232.75	0.951445	0	0.00209655	59.5	0.906973	0	0.00513774	59.5	0.89921	0	0.00940503	58.75	0.923306	0	0.00776004	59.75	0.927657	0	0.00797367
236.75	0.906258	0	0.00138643	236.75	0.952305	0	0.00208123	60.5	0.907123	0	0.0051347	60.5	0.899522	0	0.00939727	59.75	0.923412	0	0.00776578	60.75	0.927809	0	0.00798584
240.75	0.907091	0	0.00137839	240.75	0.953156	0	0.00206591	61.5	0.907265	0	0.00513187	61.5	0.899836	0	0.00938897	60.75	0.923508	0	0.00777284	61.75	0.927951	0	0.00799931
244.75	0.907923	0	0.00137044	244.75	0.953997	0	0.00205065	62.5	0.907397	0	0.00512926	62.5	0.900152	0	0.00938012	61.75	0.923597	0	0.00778113	62.75	0.928084	0	0.00801393
248.75	0.908751	0	0.0013626	248.75	0.954827	0	0.00203549	63.5	0.907521	0	0.00512688	63.5	0.900469	0	0.00937074	62.75	0.923678	0	0.0077906	63.75	0.928205	0	0.00802939
252.75	0.909575	0	0.00135491	252.75	0.955644	0	0.00202047	64.5	0.907635	0	0.00512474	64.5	0.900785	0	0.00936084	63.75	0.923751	0	0.00780122	64.75	0.928317	0	0.00804538
256.75	0.910391	0	0.00134739	256.75	0.956448	0	0.00200566	65.5	0.907738	0	0.00512283	65.5	0.901099	0	0.00935045	64.75	0.923816	0	0.00781285	65.75	0.928418	0	0.00806157
260.75	0.911199	0	0.00134007	260.75	0.957236	0	0.00199109	66.5	0.907833	0	0.00512115	66.5	0.90141	0	0.0093396	65.75	0.923874	0	0.00782544	66.75	0.92851	0	0.0080776
264.75	0.911996	0	0.00133298	264.75	0.958008	0	0.00197682	67.5	0.907917	0	0.00511969	67.5	0.901717	0	0.00932831	66.75	0.923924	0	0.00783888	67.75	0.928593	0	0.00809303
268.75	0.912781	0	0.00132615	268.75	0.958764	0	0.00196288	68.5	0.907991	0	0.00511846	68.5	0.902017	0	0.00931661	67.75	0.923967	0	0.00785311	68.75	0.928667	0	0.00810756
272.75	0.913554	0	0.00131959	272.75	0.959502	0	0.00194934	69.5	0.908056	0	0.00511743	69.5	0.902312	0	0.00930453	68.75	0.924003	0	0.00786796	69.75	0.928735	0	0.00812083
276.75	0.914311	0	0.00131334	276.75	0.960222	0	0.00193622	70.5	0.908112	0	0.0051166	70.5	0.902599	0	0.00929211	69.75	0.924034	0	0.00788332	70.75	0.928798	0	0.0081325
280.75	0.915053	0	0.00130741	280.75	0.960923	0	0.00192357	71.5	0.90816	0	0.00511595	71.5	0.902878	0	0.00927936	70.75	0.92406	0	0.00789914	71.75	0.928857	0	0.00814211
284.75	0.915779	0	0.00130182	284.75	0.961605	0	0.00191144	72.5	0.9082	0	0.00511546	72.5	0.903148	0	0.00926636	71.75	0.924082	0	0.00791528	72.75	0.928913	0	0.00814944
288.75	0.916487	0	0.00129659	288.75	0.962267	0	0.00189985	73.5	0.908234	0	0.0051151	73.5	0.903408	0	0.00925314	72.75	0.924101	0	0.00793167	73.75	0.928969	0	0.00815421
292.75	0.917177	0	0.00129173	292.75	0.962909	0	0.00188882	74.5	0.908262	0	0.00511486	74.5	0.903657	0	0.00923974	73.75	0.924118	0	0.00794819	74.75	0.929026	0	0.0081561
296.75	0.917848	0	0.00128724	296.75	0.963529	0	0.0018784	75.5	0.908286	0	0.00511472	75.5	0.903896	0	0.00922618	74.75	0.924134	0	0.00796483	75.75	0.929086	0	0.00815497
300.75	0.918499	0	0.00128315	300.75	0.964129	0	0.00186859	76.5	0.908307	0	0.00511464	76.5	0.904123	0	0.0092125	75.75	0.92415	0	0.00798147	76.75	0.92915	0	0.00815066
304.75	0.91913	0	0.00127944	304.75	0.964708	0	0.00185942	77.5	0.908326	0	0.00511461	77.5	0.904339	0	0.00919874	76.75	0.924168	0	0.00799805	77.75	0.92922	0	0.00814303
308.75	0.919741	0	0.00127612	308.75	0.965266	0	0.00185089	78.5	0.908344	0	0.00511461	78.5	0.904545	0	0.00918493	77.75	0.92419	0	0.00801447	78.75	0.929297	0	0.00813201
312.75	0.920329	0	0.00127319	312.75	0.965801	0	0.001843	79.5	0.908364	0	0.00511461	79.5	0.904739	0	0.0091711	78.75	0.924215	0	0.00803074	79.75	0.929382	0	0.00811763
316.75	0.920896	0	0.00127063	316.75	0.966315	0	0.00183575	80.5	0.908386	0	0.00511458	80.5	0.904924	0	0.00915724	79.75	0.924247	0	0.00804674	80.75	0.929476	0	0.00809996
320.75	0.921441	0	0.00126843	320.75	0.966806	0	0.00182914	81.5	0.908412	0	0.00511451	81.5	0.905098	0	0.00914343	80.75	0.924287	0	0.00806247	81.75	0.92958	0	0.00807909
324.75	0.921962	0	0.00126658	324.75	0.967275	0	0.00182315	82.5	0.908443	0	0.00511436	82.5	0.905264	0	0.00912967	81.75	0.924336	0	0.00807785	82.75	0.929695	0	0.00805518
328.75	0.922459	0	0.00126506	328.75	0.967722	0	0.00181776	83.5	0.908481	0	0.00511412	83.5	0.905421	0	0.00911598	82.75	0.924397	0	0.00809278	83.75	0.92982	0	0.00802842
332.75	0.922932	0	0.00126385	332.75	0.968145	0	0.00181296	84.5	0.908528	0	0.00511377	84.5	0.905573	0	0.00910236	83.75	0.92447	0	0.00810726	84.75	0.929956	0	0.00799909
336.75	0.92338	0	0.00126291	336.75	0.968544	0	0.0018087	85.5	0.908583	0	0.0051133	85.5	0.905718	0	0.00908886	84.75	0.924558	0	0.00812123	85.75	0.930102	0	0.00796744
340.75	0.923803	0	0.00126224	340.75	0.96892	0	0.00180497	86.5	0.908649	0	0.00511269	86.5	0.905858	0	0.00907547	85.75	0.924661	0	0.00813457	86.75	0.930257	0	0.00793392
344.75	0.9242	0	0.00126179	344.75	0.969272	0	0.00180173	87.5	0.908726	0	0.00511192	87.5	0.905995	0	0.00906221	86.75	0.924782	0	0.00814721	87.75	0.930421	0	0.0078987
348.75	0.924569	0	0.00126153	348.75	0.969598	0	0.00179894	88.5	0.908816	0	0.005111	88.5	0.90613	0	0.00904909	87.75	0.924922	0	0.00815913	88.75	0.930593	0	0.00786234
352.75	0.924911	0	0.00126145	352.75	0.9699	0	0.00179656	89.5	0.908918	0	0.00510989	89.5	0.906264	0	0.00903614	88.75	0.925082	0	0.00817016	89.75	0.93077	0	0.00782503
								90.5	0.909034	0	0.00510861	90.5	0.906398	0	0.00902337	89.75	0.925262	0	0.00818024	90.75	0.930952	0	0.00778739
								91.5	0.909163	0	0.00510715	91.5	0.906534	0	0.00901077	90.75	0.925465	0	0.00818925	91.75	0.931137	0	0.00774969
								92.5	0.909306	0	0.00510551	92.5	0.906672	0	0.0089984	91.75	0.925688	0	0.00819714	92.75	0.931323	0	0.00771239
								93.5	0.909463	0	0.00510369	93.5	0.906813	0	0.00898625	92.75	0.925935	0	0.00820376	93.75	0.931508	0	0.00767597
								94.5	0.909633	0	0.00510169	94.5	0.906957	0	0.00897434	93.75	0.926205	0	0.00820899	94.75	0.931691	0	0.00764067
								95.5	0.909817	0	0.00509952	95.5	0.907106	0	0.00896271	94.75	0.926496	0	0.00821279	95.75	0.931868	0	0.00760686
								96.5	0.910013	0	0.00509718	96.5	0.907259	0	0.00895135	95.75	0.926809	0	0.00821503	96.75	0.932038	0	0.00757504
								97.5	0.910221	0	0.00509468	97.5	0.907418	0	0.00894028	96.75	0.927142	0	0.00821562	97.75	0.9322	0	0.00754539
								98.5	0.91044	0	0.00509203	98.5	0.907581	0	0.00892954	97.75	0.927496	0	0.00821446	98.75	0.932352	0	0.00751827
								99.5	0.91067	0	0.00508924	99.5	0.907748	0	0.00891914	98.75	0.927868	0	0.00821152	99.75	0.932492	0	0.00749386
								100.5	0.910908	0	0.0050863	100.5	0.907919	0	0.00890911	99.75	0.928256	0	0.00820676	100.75	0.932619	0	0.00747245
								101.5	0.911156	0	0.00508325	101.5	0.908093	0	0.00889942	100.75	0.92866	0	0.00820008	101.75	0.932731	0	0.00745415
								102.5	0.91141	0	0.00508007	102.5	0.908271	0	0.00889011	101.75	0.929076	0	0.00819156	102.75	0.932828	0	0.00743909
								103.5	0.91167	0	0.00507679	103.5	0.90845	0	0.00888119	102.75	0.929502	0	0.00818115	103.75	0.93291	0	0.00742726
								104.5	0.911935	0	0.00507338	104.5	0.908629	0	0.00887265	103.75	0.929937	0	0.00816889	104.75	0.932975	0	0.00741877
								105.5	0.912205	0	0.00506989	105.5	0.908808	0	0.00886448	104.75	0.930378	0	0.00815479	105.75	0.933025	0	0.00741365
								106.5	0.912478	0	0.00506629	106.5	0.908985	0	0.00885671	105.75	0.930822	0	0.00813893	106.75	0.93306	0	0.00741175
								107.5	0.912753	0	0.00506261	107.5	0.909158	0	0.00884931	106.75	0.931267	0	0.0081214	107.75	0.93308	0	0.007413
								108.5	0.91303	0	0.00505883	108.5	0.909328	0	0.00884228	107.75	0.93171	0	0.0081023	108.75	0.933088	0	0.00741718
								109.5	0.913308	0	0.00505496	109.5	0.909492	0	0.00883558	108.75	0.93215	0	0.00808174	109.75	0.933084	0	0.00742414
								110.5	0.913587	0	0.00505099	110.5	0.909649	0	0.00882921	109.75	0.932583	0	0.00805983	110.75	0.93307	0	0.00743366
								111.5	0.913866	0	0.00504693	111.5	0.9098	0	0.00882313	110.75	0.933008	0	0.00803678	111.75	0.933049	0	0.00744544
								112.5	0.914144	0	0.00504276	112.5	0.909942	0	0.00881732	111.75	0.933422	0	0.00801273	112.75	0.933023	0	0.0074592
								113.5	0.914423	0	0.00503849	113.5	0.910075	0	0.00881174	112.75	0.933825	0	0.00798776	113.75	0.932996	0	0.00747463
								114.5	0.9147	0	0.00503411	114.5	0.910197	0	0.0088064	113.75	0.934213	0	0.00796214	114.75	0.932968	0	0.00749125
								115.5	0.914978	0	0.00502961	115.5	0.91031	0	0.00880122	114.75	0.934587	0	0.00793603	115.75	0.932945	0	0.00750874
								116.5	0.915255	0	0.00502498	116.5	0.910412	0	0.00879621	115.75	0.934944	0	0.00790961	116.75	0.932929	0	0.00752675
								117.5	0.915532	0	0.00502021	117.5	0.910504	0	0.00879133	116.75	0.935284	0	0.00788304	117.75	0.932923	0	0.00754488
								118.5	0.915809	0	0.00501528	118.5	0.910585	0	0.00878656	117.75	0.935607	0	0.0078565	118.75	0.932931	0	0.00756257
								119.5	0.916087	0	0.00501021	119.5	0.910656	0	0.00878187	118.75	0.935911	0	0.00783016	119.75	0.932955	0	0.00757955
								120.5	0.916366	0	0.00500498	120.5	0.910717	0	0.00877724	119.75	0.936197	0	0.00780418	120.75	0.932999	0	0.00759534
								121.5	0.916646	0	0.00499959	121.5	0.91077	0	0.00877266	120.75	0.936464	0	0.00777874	121.75	0.933066	0	0.00760965
								122.5	0.916927	0	0.00499402	122.5	0.910814	0	0.00876809	121.75	0.936713	0	0.00775392	122.75	0.933158	0	0.007622
								123.5	0.917211	0	0.00498826	123.5	0.910851	0	0.00876355	122.75	0.936944	0	0.00772992	123.75	0.933277	0	0.00763209
								124.5	0.917498	0	0.00498232	124.5	0.910883	0	0.00875903	123.75	0.937157	0	0.00770678	124.75	0.933426	0	0.00763957
								125.5	0.917787	0	0.00497619	125.5	0.91091	0	0.0087545	124.75	0.937353	0	0.00768464	125.75	0.933605	0	0.00764419
								126.5	0.918079	0	0.00496986	126.5	0.910934	0	0.00874998	125.75	0.937532	0	0.00766365	126.75	0.933817	0	0.00764557
								127.5	0.918374	0	0.00496336	127.5	0.910956	0	0.00874546	126.75	0.937695	0	0.00764378	127.75	0.934061	0	0.00764347
								128.5	0.918673	0	0.00495666	128.5	0.910978	0	0.00874093	127.75	0.937843	0	0.00762514	128.75	0.934338	0	0.00763789
								129.5	0.918976	0	0.00494977	129.5	0.911002	0	0.00873641	128.75	0.937976	0	0.00760778	129.75	0.934648	0	0.00762846
								130.5	0.919282	0	0.0049427	130.5	0.911029	0	0.00873191	129.75	0.938095	0	0.00759174	130.75	0.93499	0	0.00761516
								131.5	0.919591	0	0.00493546	131.5	0.911061	0	0.00872739	130.75	0.9382	0	0.007577	131.75	0.935362	0	0.00759796
								132.5	0.919903	0	0.00492804	132.5	0.9111	0	0.00872289	131.75	0.938293	0	0.0075636	132.75	0.935763	0	0.00757682
								133.5	0.920218	0	0.00492049	133.5	0.911147	0	0.00871839	132.75	0.938373	0	0.00755151	133.75	0.93619	0	0.00755183
								134.5	0.920535	0	0.00491279	134.5	0.911203	0	0.00871391	133.75	0.93844	0	0.00754073	134.75	0.936642	0	0.00752305
								135.5	0.920854	0	0.00490497	135.5	0.911271	0	0.00870941	134.75	0.938496	0	0.00753127	135.75	0.937114	0	0.00749053
								136.5	0.921173	0	0.00489704	136.5	0.911351	0	0.00870492	135.75	0.93854	0	0.00752305	136.75	0.937604	0	0.00745454
								137.5	0.921493	0	0.00488903	137.5	0.911444	0	0.0087004	136.75	0.938573	0	0.00751608	137.75	0.938108	0	0.00741526
								138.5	0.921812	0	0.00488096	138.5	0.911553	0	0.00869585	137.75	0.938595	0	0.00751029	138.75	0.938623	0	0.00737296
								139.5	0.922129	0	0.00487285	139.5	0.911678	0	0.00869125	138.75	0.938606	0	0.00750567	139.75	0.939143	0	0.00732789
								140.5	0.922444	0	0.00486472	140.5	0.911819	0	0.00868656	139.75	0.938605	0	0.0075022	140.75	0.939666	0	0.00728047
								141.5	0.922755	0	0.00485661	141.5	0.911979	0	0.00868175	140.75	0.938594	0	0.00749977	141.75	0.940187	0	0.00723091
								142.5	0.923061	0	0.00484853	142.5	0.912156	0	0.00867683	141.75	0.938571	0	0.00749836	142.75	0.940702	0	0.0071797
								143.5	0.923362	0	0.00484052	143.5	0.912352	0	0.00867176	142.75	0.938538	0	0.00749793	143.75	0.941207	0	0.00712713
								144.5	0.923655	0	0.0048326	144.5	0.912567	0	0.00866647	143.75	0.938493	0	0.00749842	144.75	0.941698	0	0.00707369
								145.5	0.92394	0	0.0048248	145.5	0.912801	0	0.00866094	144.75	0.938437	0	0.0074998	145.75	0.942173	0	0.00701977
								146.5	0.924216	0	0.00481715	146.5	0.913054	0	0.00865513	145.75	0.938371	0	0.00750204	146.75	0.942627	0	0.00696574
								147.5	0.924481	0	0.00480967	147.5	0.913325	0	0.00864901	146.75	0.938292	0	0.00750509	147.75	0.943058	0	0.00691201
								148.5	0.924735	0	0.0048024	148.5	0.913615	0	0.00864254	147.75	0.938203	0	0.00750888	148.75	0.943463	0	0.00685893
								149.5	0.924977	0	0.00479536	149.5	0.913923	0	0.00863567	148.75	0.938103	0	0.00751338	149.75	0.943839	0	0.00680687
								150.5	0.925205	0	0.00478856	150.5	0.914247	0	0.00862839	149.75	0.937993	0	0.00751851	150.75	0.944186	0	0.00675615
								151.5	0.92542	0	0.00478204	151.5	0.914588	0	0.00862063	150.75	0.937873	0	0.00752433	151.75	0.944501	0	0.0067072
								152.5	0.92562	0	0.00477581	152.5	0.914944	0	0.0086124	151.75	0.937742	0	0.00753069	152.75	0.944784	0	0.00666021
								153.5	0.925805	0	0.00476988	153.5	0.915314	0	0.00860365	152.75	0.937603	0	0.00753758	153.75	0.945033	0	0.00661541
								154.5	0.925975	0	0.00476427	154.5	0.915698	0	0.00859434	153.75	0.937454	0	0.007545	154.75	0.94525	0	0.00657293
								155.5	0.926128	0	0.00475901	155.5	0.916093	0	0.00858447	154.75	0.937298	0	0.00755284	155.75	0.945434	0	0.00653308
								156.5	0.926266	0	0.00475408	156.5	0.916498	0	0.00857405	155.75	0.937134	0	0.00756111	156.75	0.945586	0	0.00649586
								157.5	0.926388	0	0.00474951	157.5	0.916913	0	0.00856302	156.75	0.936964	0	0.00756974	157.75	0.945708	0	0.00646135
								158.5	0.926494	0	0.00474529	158.5	0.917335	0	0.00855139	157.75	0.936789	0	0.00757868	158.75	0.945799	0	0.00642951
								159.5	0.926584	0	0.00474143	159.5	0.917763	0	0.00853918	158.75	0.936609	0	0.00758786	159.75	0.945862	0	0.00640045
								160.5	0.92666	0	0.00473793	160.5	0.918196	0	0.0085264	159.75	0.936426	0	0.00759727	160.75	0.945898	0	0.00637409
								161.5	0.92672	0	0.00473478	161.5	0.918632	0	0.00851305	160.75	0.93624	0	0.00760686	161.75	0.945909	0	0.00635035
								162.5	0.926765	0	0.00473198	162.5	0.919069	0	0.00849918	161.75	0.936054	0	0.00761651	162.75	0.945898	0	0.00632907
								163.5	0.926797	0	0.00472953	163.5	0.919506	0	0.00848477	162.75	0.935867	0	0.00762627	163.75	0.945866	0	0.00631006
								164.5	0.926816	0	0.0047274	164.5	0.919942	0	0.00846989	163.75	0.935682	0	0.00763606	164.75	0.945816	0	0.00629323
								165.5	0.926822	0	0.00472561	165.5	0.920375	0	0.00845453	164.75	0.935499	0	0.00764583	165.75	0.94575	0	0.00627837
								166.5	0.926817	0	0.00472412	166.5	0.920804	0	0.00843879	165.75	0.93532	0	0.0076555	166.75	0.94567	0	0.00626536
								167.5	0.926801	0	0.00472293	167.5	0.921228	0	0.00842267	166.75	0.935145	0	0.00766508	167.75	0.945577	0	0.00625393
								168.5	0.926776	0	0.004722	168.5	0.921645	0	0.00840625	167.75	0.934976	0	0.00767453	168.75	0.945475	0	0.00624399
								169.5	0.926743	0	0.00472133	169.5	0.922054	0	0.00838958	168.75	0.934814	0	0.00768385	169.75	0.945364	0	0.00623518
								170.5	0.926702	0	0.0047209	170.5	0.922455	0	0.0083727	169.75	0.934659	0	0.007693	170.75	0.945246	0	0.00622747
								171.5	0.926656	0	0.00472068	171.5	0.922847	0	0.00835566	170.75	0.934513	0	0.00770194	171.75	0.945123	0	0.00622071
								172.5	0.926604	0	0.00472066	172.5	0.923229	0	0.00833854	171.75	0.934376	0	0.00771068	172.75	0.944996	0	0.00621473
								173.5	0.926549	0	0.00472081	173.5	0.9236	0	0.00832137	172.75	0.934248	0	0.0077192	173.75	0.944866	0	0.00620937
								174.5	0.926492	0	0.00472109	174.5	0.92396	0	0.00830423	173.75	0.934131	0	0.0077275	174.75	0.944734	0	0.0062046
								175.5	0.926434	0	0.00472146	175.5	0.924309	0	0.00828715	174.75	0.934025	0	0.00773559	175.75	0.944601	0	0.0062004
								176.5	0.926378	0	0.00472193	176.5	0.924647	0	0.00827021	175.75	0.933929	0	0.00774339	176.75	0.944468	0	0.00619676
								177.5	0.926324	0	0.00472243	177.5	0.924973	0	0.00825345	176.75	0.933845	0	0.00775107	177.75	0.944335	0	0.00619354
								178.5	0.926274	0	0.00472294	178.5	0.925287	0	0.0082369	177.75	0.933771	0	0.00775857	178.75	0.944201	0	0.00619081
								179.5	0.926231	0	0.00472341	179.5	0.925591	0	0.00822062	178.75	0.933708	0	0.00776593	179.75	0.944068	0	0.00618855
								180.5	0.926196	0	0.00472379	180.5	0.925884	0	0.00820465	179.75	0.933657	0	0.00777309	180.75	0.943935	0	0.00618694
								181.5	0.92617	0	0.00472405	181.5	0.926166	0	0.00818899	180.75	0.933615	0	0.00778017	181.75	0.943803	0	0.00618595
								182.5	0.926156	0	0.00472412	182.5	0.926438	0	0.00817368	181.75	0.933584	0	0.00778712	182.75	0.943671	0	0.00618563
								183.5	0.926155	0	0.00472397	183.5	0.926702	0	0.00815875	182.75	0.933563	0	0.00779404	183.75	0.943537	0	0.00618615
								184.5	0.92617	0	0.00472354	184.5	0.926958	0	0.00814421	183.75	0.93355	0	0.0078009	184.75	0.943404	0	0.00618754
								185.5	0.926202	0	0.00472277	185.5	0.927206	0	0.00813009	184.75	0.933546	0	0.00780778	185.75	0.943269	0	0.00618995
								186.5	0.926252	0	0.00472161	186.5	0.927447	0	0.00811638	185.75	0.93355	0	0.00781465	186.75	0.943133	0	0.00619338
								187.5	0.926323	0	0.00472	187.5	0.927683	0	0.00810307	186.75	0.933561	0	0.00782153	187.75	0.942993	0	0.00619808
								188.5	0.926416	0	0.00471789	188.5	0.927914	0	0.00809014	187.75	0.933578	0	0.00782847	188.75	0.942851	0	0.00620405
								189.5	0.926532	0	0.00471521	189.5	0.928142	0	0.00807763	188.75	0.9336	0	0.00783546	189.75	0.942705	0	0.00621134
								190.5	0.926672	0	0.00471193	190.5	0.928366	0	0.0080655	189.75	0.933627	0	0.00784256	190.75	0.942554	0	0.00622007
								191.5	0.926838	0	0.00470797	191.5	0.928589	0	0.00805373	190.75	0.933658	0	0.00784977	191.75	0.942398	0	0.00623025
								192.5	0.927029	0	0.00470331	192.5	0.928811	0	0.00804231	191.75	0.93369	0	0.00785709	192.75	0.942235	0	0.006242
								193.5	0.927247	0	0.00469789	193.5	0.929033	0	0.0080312	192.75	0.933725	0	0.00786454	193.75	0.942065	0	0.0062551
								194.5	0.927491	0	0.00469169	194.5	0.929256	0	0.00802037	193.75	0.93376	0	0.00787207	194.75	0.941887	0	0.00626977
								195.5	0.927761	0	0.00468465	195.5	0.92948	0	0.0080098	194.75	0.933794	0	0.00787972	195.75	0.941699	0	0.00628596
								196.5	0.928057	0	0.00467675	196.5	0.929707	0	0.00799947	195.75	0.933828	0	0.00788748	196.75	0.941501	0	0.00630355
								197.5	0.928379	0	0.00466799	197.5	0.929936	0	0.00798936	196.75	0.933859	0	0.00789532	197.75	0.941292	0	0.0063225
								198.5	0.928724	0	0.00465833	198.5	0.930168	0	0.00797943	197.75	0.933886	0	0.00790325	198.75	0.941071	0	0.00634274
								199.5	0.929092	0	0.00464777	199.5	0.930404	0	0.00796963	198.75	0.933909	0	0.00791121	199.75	0.940838	0	0.00636402
								200.5	0.929482	0	0.00463632	200.5	0.930644	0	0.00795994	199.75	0.933927	0	0.00791925	200.75	0.940592	0	0.00638627
								201.5	0.929891	0	0.00462398	201.5	0.930887	0	0.00795035	200.75	0.933938	0	0.00792727	201.75	0.940331	0	0.00640938
								202.5	0.930318	0	0.00461077	202.5	0.931135	0	0.0079408	201.75	0.933943	0	0.00793527	202.75	0.940055	0	0.00643318
								203.5	0.930761	0	0.00459671	203.5	0.931387	0	0.00793125	202.75	0.93394	0	0.00794318	203.75	0.939765	0	0.00645737
								204.5	0.931216	0	0.00458183	204.5	0.931644	0	0.00792168	203.75	0.933928	0	0.00795103	204.75	0.939459	0	0.00648179
								205.5	0.931683	0	0.00456618	205.5	0.931904	0	0.00791208	204.75	0.933908	0	0.00795873	205.75	0.939138	0	0.00650613
								206.5	0.932158	0	0.00454979	206.5	0.932169	0	0.00790237	205.75	0.933878	0	0.00796639	206.75	0.938801	0	0.00653016
								207.5	0.93264	0	0.00453271	207.5	0.932437	0	0.00789254	206.75	0.933837	0	0.00797391	207.75	0.938449	0	0.00655358
								208.5	0.933126	0	0.00451499	208.5	0.93271	0	0.00788254	207.75	0.933786	0	0.00798106	208.75	0.938083	0	0.0065762
								209.5	0.933613	0	0.0044967	209.5	0.932987	0	0.00787234	208.75	0.933725	0	0.00798789	209.75	0.937702	0	0.00659771
								210.5	0.934099	0	0.00447788	210.5	0.933267	0	0.00786188	209.75	0.933653	0	0.00799443	210.75	0.937307	0	0.00661786
								211.5	0.934583	0	0.0044586	211.5	0.933552	0	0.00785113	210.75	0.933569	0	0.00800062	211.75	0.9369	0	0.00663625
								212.5	0.935063	0	0.00443893	212.5	0.933841	0	0.00784004	211.75	0.933474	0	0.00800644	212.75	0.936481	0	0.00665272
								213.5	0.935536	0	0.00441892	213.5	0.934134	0	0.00782856	212.75	0.933368	0	0.00801186	213.75	0.936052	0	0.00666699
								214.5	0.936001	0	0.00439865	214.5	0.934432	0	0.00781664	213.75	0.93325	0	0.00801683	214.75	0.935613	0	0.00667885
								215.5	0.936458	0	0.00437816	215.5	0.934734	0	0.00780424	214.75	0.933121	0	0.0080214	215.75	0.935166	0	0.00668815
								216.5	0.936906	0	0.00435752	216.5	0.935041	0	0.00779129	215.75	0.932982	0	0.00802554	216.75	0.934713	0	0.00669476
								217.5	0.937342	0	0.0043368	217.5	0.935354	0	0.00777777	216.75	0.932831	0	0.00802925	217.75	0.934255	0	0.00669841
								218.5	0.937768	0	0.00431602	218.5	0.935673	0	0.00776359	217.75	0.93267	0	0.00803253	218.75	0.933793	0	0.00669916
								219.5	0.938182	0	0.00429525	219.5	0.935998	0	0.00774872	218.75	0.932498	0	0.00803543	219.75	0.93333	0	0.00669682
								220.5	0.938585	0	0.00427453	220.5	0.93633	0	0.00773311	219.75	0.932316	0	0.00803794	220.75	0.932867	0	0.00669137
								221.5	0.938978	0	0.0042539	221.5	0.93667	0	0.00771671	220.75	0.932124	0	0.00804013	221.75	0.932405	0	0.00668287
								222.5	0.939359	0	0.0042334	222.5	0.937017	0	0.0076995	221.75	0.931923	0	0.00804202	222.75	0.931947	0	0.00667145
								223.5	0.939731	0	0.00421305	223.5	0.937372	0	0.00768144	222.75	0.931711	0	0.0080436	223.75	0.931493	0	0.00665716
								224.5	0.940094	0	0.00419289	224.5	0.937736	0	0.00766248	223.75	0.93149	0	0.00804502	224.75	0.931045	0	0.00664019
								225.5	0.940449	0	0.00417294	225.5	0.938109	0	0.00764259	224.75	0.93126	0	0.00804629	225.75	0.930606	0	0.00662061
								226.5	0.940796	0	0.0041532	226.5	0.93849	0	0.00762179	225.75	0.931021	0	0.00804748	226.75	0.930176	0	0.00659863
								227.5	0.941138	0	0.00413372	227.5	0.938881	0	0.00760003	226.75	0.930774	0	0.00804865	227.75	0.929755	0	0.0065744
								228.5	0.941474	0	0.00411447	228.5	0.939281	0	0.00757733	227.75	0.930519	0	0.00804989	228.75	0.929347	0	0.00654825
								229.5	0.941808	0	0.00409546	229.5	0.939689	0	0.00755366	228.75	0.930255	0	0.00805122	229.75	0.928951	0	0.00652037
								230.5	0.942138	0	0.00407672	230.5	0.940106	0	0.0075291	229.75	0.929984	0	0.00805276	230.75	0.92857	0	0.00649104
								231.5	0.942467	0	0.00405824	231.5	0.940531	0	0.00750364	230.75	0.929705	0	0.00805453	231.75	0.928204	0	0.00646038
								232.5	0.942797	0	0.00404001	232.5	0.940963	0	0.00747729	231.75	0.92942	0	0.0080566	232.75	0.927855	0	0.00642873
								233.5	0.943128	0	0.00402203	233.5	0.941401	0	0.0074501	232.75	0.929129	0	0.00805906	233.75	0.927522	0	0.00639619
								234.5	0.943461	0	0.00400429	234.5	0.941846	0	0.00742215	233.75	0.928831	0	0.00806205	234.75	0.927208	0	0.00636289
								235.5	0.943798	0	0.00398677	235.5	0.942295	0	0.00739344	234.75	0.928529	0	0.00806553	235.75	0.926912	0	0.00632907
								236.5	0.94414	0	0.00396948	236.5	0.942748	0	0.00736406	235.75	0.928221	0	0.00806955	236.75	0.926636	0	0.00629486
								237.5	0.944487	0	0.0039524	237.5	0.943204	0	0.00733406	236.75	0.92791	0	0.00807414	237.75	0.926381	0	0.00626026
								238.5	0.94484	0	0.00393553	238.5	0.943661	0	0.0073035	237.75	0.927596	0	0.00807946	238.75	0.926147	0	0.00622533
								239.5	0.945201	0	0.00391883	239.5	0.944119	0	0.00727245	238.75	0.92728	0	0.00808544	239.75	0.925934	0	0.00619016
								240.5	0.94557	0	0.00390229	240.5	0.944576	0	0.00724099	239.75	0.926962	0	0.00809217	240.75	0.925742	0	0.00615464
								241.5	0.945946	0	0.00388591	241.5	0.945031	0	0.00720918	240.75	0.926643	0	0.00809961	241.75	0.925573	0	0.00611895
								242.5	0.946332	0	0.00386968	242.5	0.945484	0	0.00717709	241.75	0.926325	0	0.0081078	242.75	0.925425	0	0.00608292
								243.5	0.946726	0	0.00385357	243.5	0.945933	0	0.00714478	242.75	0.926009	0	0.00811674	243.75	0.925299	0	0.00604643
								244.5	0.947129	0	0.00383758	244.5	0.946377	0	0.00711233	243.75	0.925695	0	0.0081264	244.75	0.925195	0	0.00600956
								245.5	0.947541	0	0.0038217	245.5	0.946816	0	0.00707977	244.75	0.925384	0	0.00813678	245.75	0.925112	0	0.00597226
								246.5	0.947962	0	0.00380589	246.5	0.947249	0	0.00704715	245.75	0.925079	0	0.00814781	246.75	0.92505	0	0.00593451
								247.5	0.948392	0	0.00379016	247.5	0.947676	0	0.00701454	246.75	0.924779	0	0.00815941	247.75	0.925007	0	0.00589626
								248.5	0.948832	0	0.00377448	248.5	0.948096	0	0.00698196	247.75	0.924486	0	0.00817159	248.75	0.924982	0	0.00585763
								249.5	0.949279	0	0.00375886	249.5	0.94851	0	0.00694945	248.75	0.924201	0	0.00818422	249.75	0.924974	0	0.00581858
								250.5	0.949734	0	0.00374327	250.5	0.948917	0	0.00691702	249.75	0.923925	0	0.00819723	250.75	0.924983	0	0.00577934
								251.5	0.950196	0	0.00372771	251.5	0.949318	0	0.00688466	250.75	0.923659	0	0.00821046	251.75	0.925005	0	0.00573998
								252.5	0.950665	0	0.00371218	252.5	0.949713	0	0.00685242	251.75	0.923404	0	0.00822387	252.75	0.925039	0	0.00570075
								253.5	0.951139	0	0.00369666	253.5	0.950102	0	0.00682027	252.75	0.923162	0	0.00823732	253.75	0.925083	0	0.00566183
								254.5	0.951619	0	0.00368115	254.5	0.950487	0	0.00678822	253.75	0.922932	0	0.00825065	254.75	0.925136	0	0.00562346
								255.5	0.952103	0	0.00366565	255.5	0.950867	0	0.00675623	254.75	0.922716	0	0.00826375	255.75	0.925194	0	0.00558597
								256.5	0.95259	0	0.00365015	256.5	0.951244	0	0.00672431	255.75	0.922516	0	0.00827643				
								257.5	0.953079	0	0.00363464	257.5	0.951618	0	0.00669238								
								258.5	0.953569	0	0.00361915	258.5	0.951991	0	0.00666046								
								259.5	0.954059	0	0.00360365	259.5	0.952363	0	0.00662849								
								260.5	0.954548	0	0.00358816	260.5	0.952735	0	0.00659643								
								261.5	0.955034	0	0.00357269	261.5	0.953107	0	0.00656428								
								262.5	0.955518	0	0.00355723	262.5	0.953481	0	0.00653199								
								263.5	0.955997	0	0.00354181	263.5	0.953858	0	0.0064995								
								264.5	0.956472	0	0.00352642	264.5	0.954238	0	0.00646682								
								265.5	0.95694	0	0.00351107	265.5	0.954621	0	0.00643391								
								266.5	0.957401	0	0.00349578	266.5	0.955008	0	0.00640076								
								267.5	0.957854	0	0.00348053	267.5	0.955399	0	0.00636736								
								268.5	0.958298	0	0.00346535	268.5	0.955794	0	0.00633368								
								269.5	0.958734	0	0.00345023	269.5	0.956194	0	0.00629972								
								270.5	0.959159	0	0.00343517	270.5	0.956598	0	0.00626548								
								271.5	0.959575	0	0.00342018	271.5	0.957006	0	0.00623099								
								272.5	0.95998	0	0.00340525	272.5	0.957418	0	0.00619622								
								273.5	0.960374	0	0.00339038	273.5	0.957834	0	0.00616121								
								274.5	0.960758	0	0.00337557	274.5	0.958253	0	0.00612596								
								275.5	0.961131	0	0.00336079	275.5	0.958676	0	0.0060905								
								276.5	0.961494	0	0.00334604	276.5	0.9591	0	0.00605483								
								277.5	0.961846	0	0.00333131	277.5	0.959528	0	0.00601895								
								278.5	0.96219	0	0.00331658	278.5	0.959956	0	0.00598294								
								279.5	0.962524	0	0.00330182	279.5	0.960387	0	0.00594677								
								280.5	0.96285	0	0.00328701	280.5	0.960818	0	0.00591045								
								281.5	0.963167	0	0.00327215	281.5	0.961249	0	0.00587398								
								282.5	0.963479	0	0.00325717	282.5	0.961681	0	0.00583738								
								283.5	0.963784	0	0.00324207	283.5	0.962114	0	0.00580064								
								284.5	0.964084	0	0.00322681	284.5	0.962545	0	0.00576376								
								285.5	0.964379	0	0.00321138	285.5	0.962977	0	0.00572672								
								286.5	0.964672	0	0.00319575	286.5	0.963408	0	0.00568953								
								287.5	0.964962	0	0.00317988	287.5	0.963839	0	0.00565213								
								288.5	0.96525	0	0.00316375	288.5	0.96427	0	0.00561454								
								289.5	0.965538	0	0.00314734	289.5	0.9647	0	0.00557671								
								290.5	0.965826	0	0.00313063	290.5	0.965129	0	0.00553864								
								291.5	0.966115	0	0.0031136	291.5	0.965558	0	0.00550033								
								292.5	0.966406	0	0.00309621	292.5	0.965986	0	0.00546173								
								293.5	0.966699	0	0.00307846	293.5	0.966413	0	0.00542285								
								294.5	0.966996	0	0.00306035	294.5	0.96684	0	0.0053837								
								295.5	0.967296	0	0.00304186	295.5	0.967266	0	0.00534426								
								296.5	0.967599	0	0.00302298	296.5	0.967691	0	0.00530454								
								297.5	0.967908	0	0.0030037	297.5	0.968115	0	0.00526455								
								298.5	0.96822	0	0.00298403	298.5	0.968537	0	0.0052243								
								299.5	0.968538	0	0.00296397	299.5	0.968958	0	0.00518385								
								300.5	0.968859	0	0.00294354	300.5	0.969376	0	0.00514322								
								301.5	0.969186	0	0.00292272	301.5	0.969792	0	0.00510244								
								302.5	0.969516	0	0.00290154	302.5	0.970204	0	0.00506159								
								303.5	0.969851	0	0.00288002	303.5	0.970612	0	0.00502072								
								304.5	0.97019	0	0.00285816	304.5	0.971016	0	0.0049799								
								305.5	0.970531	0	0.00283599	305.5	0.971414	0	0.00493917								
								306.5	0.970876	0	0.00281353	306.5	0.971807	0	0.00489864								
								307.5	0.971223	0	0.00279081	307.5	0.972193	0	0.00485836								
								308.5	0.971572	0	0.00276785	308.5	0.972572	0	0.00481837								
								309.5	0.971922	0	0.00274467	309.5	0.972943	0	0.00477876								
								310.5	0.972273	0	0.0027213	310.5	0.973306	0	0.00473957								
								311.5	0.972623	0	0.00269778	311.5	0.97366	0	0.00470086								
								312.5	0.972973	0	0.00267412	312.5	0.974005	0	0.00466269								
								313.5	0.973322	0	0.00265035	313.5	0.97434	0	0.00462508								
								314.5	0.973669	0	0.0026265	314.5	0.974664	0	0.00458807								
								315.5	0.974013	0	0.00260259	315.5	0.974978	0	0.00455166								
								316.5	0.974355	0	0.00257865	316.5	0.975282	0	0.00451587								
								317.5	0.974693	0	0.00255468	317.5	0.975575	0	0.00448066								
								318.5	0.975027	0	0.00253071	318.5	0.975857	0	0.00444602								
								319.5	0.975357	0	0.00250675	319.5	0.976129	0	0.00441191								
								320.5	0.975683	0	0.0024828	320.5	0.97639	0	0.00437828								
								321.5	0.976004	0	0.00245887	321.5	0.976642	0	0.00434507								
								322.5	0.97632	0	0.00243497	322.5	0.976883	0	0.0043122								
								323.5	0.976632	0	0.00241108	323.5	0.977116	0	0.00427958								
								324.5	0.976938	0	0.00238721	324.5	0.97734	0	0.00424715								
								325.5	0.977239	0	0.00236333	325.5	0.977555	0	0.00421479								
								326.5	0.977535	0	0.00233943	326.5	0.977763	0	0.00418237								
								327.5	0.977826	0	0.00231549	327.5	0.977965	0	0.00414979								
								328.5	0.978112	0	0.00229148	328.5	0.97816	0	0.00411694								
								329.5	0.978393	0	0.00226737	329.5	0.97835	0	0.00408369								
								330.5	0.97867	0	0.00224312	330.5	0.978535	0	0.00404994								
								331.5	0.978942	0	0.00221872	331.5	0.978716	0	0.00401555								
								332.5	0.97921	0	0.00219413	332.5	0.978894	0	0.00398045								
								333.5	0.979474	0	0.00216929	333.5	0.979069	0	0.0039445								
								334.5	0.979734	0	0.00214417	334.5	0.979243	0	0.00390762								
								335.5	0.97999	0	0.00211875	335.5	0.979415	0	0.00386973								
								336.5	0.980242	0	0.002093	336.5	0.979587	0	0.00383076								
								337.5	0.980492	0	0.00206687	337.5	0.979759	0	0.00379066								
								338.5	0.980737	0	0.00204036	338.5	0.97993	0	0.0037494								
								339.5	0.98098	0	0.00201346	339.5	0.980103	0	0.003707								
								340.5	0.981219	0	0.00198616	340.5	0.980276	0	0.00366343								
								341.5	0.981454	0	0.00195847	341.5	0.98045	0	0.00361873								
								342.5	0.981686	0	0.00193039	342.5	0.980626	0	0.003573								
								343.5	0.981914	0	0.00190197	343.5	0.980803	0	0.00352628								
								344.5	0.982138	0	0.00187325	344.5	0.98098	0	0.0034787								
								345.5	0.982357	0	0.00184428	345.5	0.981159	0	0.0034304								
								346.5	0.982572	0	0.00181514	346.5	0.981337	0	0.00338154								
								347.5	0.982782	0	0.00178592	347.5	0.981516	0	0.00333231								
								348.5	0.982987	0	0.00175671	348.5	0.981694	0	0.00328293								
								349.5	0.983186	0	0.00172764	349.5	0.981871	0	0.00323364								
								350.5	0.983378	0	0.00169885	350.5	0.982046	0	0.0031847								
								351.5	0.983564	0	0.00167046	351.5	0.982218	0	0.00313638								
								352.5	0.983742	0	0.00164264	352.5	0.982387	0	0.00308899								
								353.5	0.983911	0	0.00161557	353.5	0.98255	0	0.00304283								
								354.5	0.984072	0	0.0015894	354.5	0.982708	0	0.00299822								
								355.5	0.984224	0	0.00156433	355.5	0.982858	0	0.00295548								
								356.5	0.984365	0	0.00154053	356.5	0.983001	0	0.00291491								
